0 1001199410000
1 1019197410001
2 1002196110002
3 1002196410003
4 1003199410004
5 1029197810005
6 1015198310006
7 1021199110007
8 1021196610008
9 1024197410009
10 1020196210010
11 1020199210011
12 1000197810012
13 1012198410013
14 1008196710014
15 1009196710015
16 1024196310016
17 1002197310017
18 1029198910018
19 1009197710019
20 1025197710020
21 1012197310021
22 1007197610022
23 1003197510023
24 1000198010024
25 1024198910025
26 1004196810026
27 1010196110027
28 1029196510028
29 1022199510029
30 1018198910030
31 1002197110031
32 1027196710032
33 1023197110033
34 1014196610034
35 1026199510035
36 1015199510036
37 1015199110037
38 1002196610038
39 1007198010039
40 1019198310040
41 1017198810041
42 1019199010042
43 1024196210043
44 1007197810044
45 1015196110045
46 1018198710046
47 1018199210047
48 1003199310048
49 1011199510049
50 1000198910050
51 1016197610051
52 1007198810052
53 1015197210053
54 1010197510054
55 1013196010055
56 1023197910056
57 1029198210057
58 1013197910058
59 1011196110059
60 1006197610060
61 1014197610061
62 1002196010062
63 1020198110063
64 1008199210064
65 1002196910065
66 1009199010066
67 1026196910067
68 1024197410068
69 1026196110069
70 1003199410070
71 1022199510071
72 1009198410072
73 1020196510073
74 1012196510074
75 1014198910075
76 1024196010076
77 1027199510077
78 1020197710078
79 1020198810079
80 1007197310080
81 1016197410081
82 1026197210082
83 1013199410083
84 1004199010084
85 1024198010085
86 1026199210086
87 1026197310087
88 1021196810088
89 1014198210089
90 1001198110090
91 1011197310091
92 1016198210092
93 1010196210093
94 1003196710094
95 1023198010095
96 1027199710096
97 1022197510097
98 1005197510098
99 1023196210099
100 1017197010100
101 1016197610101
102 1010199210102
103 1008199710103
104 1001197410104
105 1007199610105
106 1025199410106
107 1000197910107
108 1021199010108
109 1018199610109
110 1001199710110
111 1028196510111
112 1010198110112
113 1003197910113
114 1022196710114
115 1016196210115
116 1014198810116
117 1025196210117
118 1000199110118
119 1015196110119
120 1003197310120
121 1016196610121
122 1020197610122
123 1000199710123
124 1018199710124
125 1010198310125
126 1008199310126
127 1011198610127
128 1012197510128
129 1025198110129
130 1008197010130
131 1009196910131
132 1002196110132
133 1020196510133
134 1023199110134
135 1013198710135
136 1018198510136
137 1027197110137
138 1006198510138
139 1011198210139
140 1009199610140
141 1006197410141
142 1027199010142
143 1014199110143
144 1022196010144
145 1028199310145
146 1020198110146
147 1017198310147
148 1024198310148
149 1021196410149
150 1013196310150
151 1012199310151
152 1020198810152
153 1017199410153
154 1020199610154
155 1020198210155
156 1029197910156
157 1005197710157
158 1023197910158
159 1022198010159
160 1021198810160
161 1028197710161
162 1027198210162
163 1009196410163
164 1008196510164
165 1006197010165
166 1022199110166
167 1017197210167
168 1007196010168
169 1017199710169
170 1023198710170
171 1016199710171
172 1016196710172
173 1003196610173
174 1001196410174
175 1023197110175
176 1027197810176
177 1003198810177
178 1019196710178
179 1020196810179
180 1002199610180
181 1014198410181
182 1011198610182
183 1013199410183
184 1027199710184
185 1014196710185
186 1014196110186
187 1028198910187
188 1008196110188
189 1016198510189
190 1017196210190
191 1000198210191
192 1004198610192
193 1013197410193
194 1018196810194
195 1015196010195
196 1014197110196
197 1016198610197
198 1022199610198
199 1029196110199
200 1006196710200
201 1015196210201
202 1022196610202
203 1018198910203
204 1016199610204
205 1022198710205
206 1023197610206
207 1001197910207
208 1008197010208
209 1020196810209
210 1022196510210
211 1022199610211
212 1027196910212
213 1005199310213
214 1017199610214
215 1029196410215
216 1009198710216
217 1003198910217
218 1005198210218
219 1019198610219
220 1001197410220
221 1003198010221
222 1018198810222
223 1029199010223
224 1020197310224
225 1018199010225
226 1008196510226
227 1025196410227
228 1014196310228
229 1021198310229
230 1005196110230
231 1017197410231
232 1025196410232
233 1012198410233
234 1014198410234
235 1025199610235
236 1008198910236
237 1007197910237
238 1012197910238
239 1012198410239
240 1016197510240
241 1005198110241
242 1009197510242
243 1029199210243
244 1025199610244
245 1023198810245
246 1018197010246
247 1023197310247
248 1025198010248
249 1008196210249
250 1004196310250
251 1018198410251
252 1017197410252
253 1011197810253
254 1000198810254
255 1011199410255
256 1007196110256
257 1019198810257
258 1020196410258
259 1002196210259
260 1024199410260
261 1009199210261
262 1018196410262
263 1000196510263
264 1018197610264
265 1028198310265
266 1009199110266
267 1008198010267
268 1029199510268
269 1013198710269
270 1002196710270
271 1020198110271
272 1024196810272
273 1006198210273
274 1004197410274
275 1011199110275
276 1012199710276
277 1011198910277
278 1007197910278
279 1013199610279
280 1018197610280
281 1027198910281
282 1028199610282
283 1001199010283
284 1010197110284
285 1014197510285
286 1025197110286
287 1009198910287
288 1026196410288
289 1008199710289
290 1007196110290
291 1011197410291
292 1004198510292
293 1005198810293
294 1027197310294
295 1015198210295
296 1026199710296
297 1005199010297
298 1007197910298
299 1003199710299
300 1028197710300
301 1023196510301
302 1003199410302
303 1029199710303
304 1026198110304
305 1029196710305
306 1003196410306
307 1015196610307
308 1021196610308
309 1029196710309
310 1027196810310
311 1012198410311
312 1006196310312
313 1004197410313
314 1016199510314
315 1016199310315
316 1028197310316
317 1028199010317
318 1005198910318
319 1018197110319
320 1022196510320
321 1013197910321
322 1002198910322
323 1029196710323
324 1016199210324
325 1004197610325
326 1009198810326
327 1023198110327
328 1012196610328
329 1021199110329
330 1005199410330
331 1025197510331
332 1022197610332
333 1015197610333
334 1003197510334
335 1003196710335
336 1012197710336
337 1000196910337
338 1025198610338
339 1014196910339
340 1011198910340
341 1026198910341
342 1027197310342
343 1019198710343
344 1015196210344
345 1012199710345
346 1013199210346
347 1019197310347
348 1005196610348
349 1004197410349
350 1020198110350
351 1002199010351
352 1019197110352
353 1009197310353
354 1018197710354
355 1016197310355
356 1022198010356
357 1021198410357
358 1013197610358
359 1015199710359
360 1025197310360
361 1010197410361
362 1003199310362
363 1006199310363
364 1014196210364
365 1026196110365
366 1028196510366
367 1019197010367
368 1003196610368
369 1019198110369
370 1018198310370
371 1022196210371
372 1003198410372
373 1018196910373
374 1025196510374
375 1003199510375
376 1005198510376
377 1008198710377
378 1015197310378
379 1010198210379
380 1017198810380
381 1025196110381
382 1014199510382
383 1019197810383
384 1001199410384
385 1005199310385
386 1016198810386
387 1018196410387
388 1003197810388
389 1000196310389
390 1003196110390
391 1025198310391
392 1020198410392
393 1025196210393
394 1007198110394
395 1027196610395
396 1004196610396
397 1018196210397
398 1008198010398
399 1029198210399
400 1018198410400
401 1010198310401
402 1028196210402
403 1016196210403
404 1017199410404
405 1001196510405
406 1006196310406
407 1002198010407
408 1004198110408
409 1003197410409
410 1016199110410
411 1013198510411
412 1013197610412
413 1003199010413
414 1022196510414
415 1025196710415
416 1019196510416
417 1009197410417
418 1017198810418
419 1021198410419
420 1006198810420
421 1011198410421
422 1018196210422
423 1002198610423
424 1015199110424
425 1009199110425
426 1012197310426
427 1002197810427
428 1015198210428
429 1024198410429
430 1017197410430
431 1003197910431
432 1029197610432
433 1019198610433
434 1003196810434
435 1027197410435
436 1016198410436
437 1012198810437
438 1017197510438
439 1024198410439
440 1027198710440
441 1026198210441
442 1027197210442
443 1022197810443
444 1003196610444
445 1015199110445
446 1012199110446
447 1001199410447
448 1023196910448
449 1024199310449
450 1009199510450
451 1008196610451
452 1016198710452
453 1026196410453
454 1018197010454
455 1020198210455
456 1005199510456
457 1006196510457
458 1023197110458
459 1004197810459
460 1002197610460
461 1008198710461
462 1022196010462
463 1000197910463
464 1019199710464
465 1011196110465
466 1003198110466
467 1021197510467
468 1007196810468
469 1023198410469
470 1016197110470
471 1012198810471
472 1026199710472
473 1021196310473
474 1017196510474
475 1010198710475
476 1008196410476
477 1019196410477
478 1027199510478
479 1028197410479
480 1011196610480
481 1005199210481
482 1021197210482
483 1023199110483
484 1026197110484
485 1002197710485
486 1014198610486
487 1009197710487
488 1012199710488
489 1026196410489
490 1021199010490
491 1020198010491
492 1005197210492
493 1002196610493
494 1012197410494
495 1023196310495
496 1008198010496
497 1018199510497
498 1028196710498
499 1010198810499